3.300000000000000000e+03 3.554675819990688769e-22
3.316000000000000000e+03 3.564511334262439003e-22
3.332000000000000000e+03 3.561229809427625090e-22
3.348000000000000000e+03 3.614098626396131630e-22
3.364000000000000000e+03 3.640826637894004035e-22
3.380000000000000000e+03 3.684681891478664988e-22
3.396000000000000000e+03 3.715352290971728021e-22
3.412000000000000000e+03 3.725632384666015859e-22
3.428000000000000000e+03 3.732501577957168112e-22
3.444000000000000000e+03 3.701689610332351745e-22
3.460000000000000000e+03 3.698281797802643830e-22
3.476000000000000000e+03 3.708514658756849858e-22
3.492000000000000000e+03 3.735940922587984554e-22
3.508000000000000000e+03 3.791403441833043385e-22
3.524000000000000000e+03 3.840608157258106007e-22
3.540000000000000000e+03 3.901216029526731879e-22
3.556000000000000000e+03 3.904810837492533208e-22
3.572000000000000000e+03 3.926449353996009317e-22
3.588000000000000000e+03 3.955487350555596987e-22
3.604000000000000000e+03 3.992087024388066438e-22
3.620000000000000000e+03 4.036453929676065083e-22
3.636000000000000000e+03 4.077556617502109627e-22
3.652000000000000000e+03 4.107712125533858980e-22
3.668000000000000000e+03 4.141903726221011954e-22
3.684000000000000000e+03 4.207266283844428933e-22
3.700000000000000000e+03 4.450409766495358822e-22
3.716000000000000000e+03 4.906818567679509692e-22
3.732000000000000000e+03 5.480245321768476754e-22
3.748000000000000000e+03 6.165950018614809161e-22
3.764000000000000000e+03 6.950243175887947508e-22
3.780000000000000000e+03 8.173348179780675458e-22
3.796000000000000000e+03 8.279421637123327393e-22
3.812000000000000000e+03 1.018591388054114788e-21
3.828000000000000000e+03 8.605973411928205264e-22
3.844000000000000000e+03 1.065614202158518147e-21
3.860000000000000000e+03 1.272916746193552327e-21
3.876000000000000000e+03 1.003690930920096636e-21
3.892000000000000000e+03 9.567533686182379453e-22
3.908000000000000000e+03 1.296582035382628380e-21
3.924000000000000000e+03 1.351450054117561413e-21
3.940000000000000000e+03 1.302566786136685982e-21
3.956000000000000000e+03 1.037528415818008315e-21
3.972000000000000000e+03 9.298223905853789565e-22
3.988000000000000000e+03 1.291814039003057302e-21
4.004000000000000000e+03 1.452111617587738996e-21
4.020000000000000000e+03 1.490047111787103815e-21
4.036000000000000000e+03 1.492794409578994364e-21
4.052000000000000000e+03 1.476386277753850630e-21
4.068000000000000000e+03 1.408639946361260543e-21
4.084000000000000000e+03 1.159845121190164524e-21
4.100000000000000000e+03 8.937169608501977658e-22
4.116000000000000000e+03 1.196740531307232106e-21
4.132000000000000000e+03 1.393156802945297855e-21
4.148000000000000000e+03 1.448104823051366962e-21
4.164000000000000000e+03 1.445439770745928076e-21
4.180000000000000000e+03 1.438798578255837824e-21
4.196000000000000000e+03 1.452111617587738996e-21
4.212000000000000000e+03 1.452111617587738996e-21
4.228000000000000000e+03 1.441451385758208792e-21
4.244000000000000000e+03 1.433507600728116910e-21
4.260000000000000000e+03 1.420365124048012259e-21
4.276000000000000000e+03 1.408639946361260543e-21
4.292000000000000000e+03 1.374041975012509343e-21
4.308000000000000000e+03 1.307374470163128807e-21
4.324000000000000000e+03 1.085425449306823083e-21
4.340000000000000000e+03 8.464474480976965223e-22
4.356000000000000000e+03 1.143931449539303863e-21
4.372000000000000000e+03 1.326783310724154376e-21
4.388000000000000000e+03 1.352695359013038009e-21
4.404000000000000000e+03 1.362699196994867514e-21
4.420000000000000000e+03 1.372777018208545765e-21
4.436000000000000000e+03 1.376575386509404377e-21
4.452000000000000000e+03 1.367728825595846659e-21
4.468000000000000000e+03 1.350205895662233032e-21
4.484000000000000000e+03 1.340293773418304843e-21
4.500000000000000000e+03 1.353941811405070754e-21
4.516000000000000000e+03 1.350205895662233032e-21
4.532000000000000000e+03 1.339059885546724353e-21
4.548000000000000000e+03 1.321904253441719281e-21
4.564000000000000000e+03 1.326783310724154376e-21
4.580000000000000000e+03 1.325561860719855629e-21
4.596000000000000000e+03 1.334135682903104013e-21
4.612000000000000000e+03 1.331680376269974426e-21
4.628000000000000000e+03 1.320687295146420934e-21
4.644000000000000000e+03 1.328005886243732100e-21
4.660000000000000000e+03 1.318256738556399319e-21
4.676000000000000000e+03 1.317043138199836391e-21
4.692000000000000000e+03 1.313409036532737109e-21
4.708000000000000000e+03 1.310991874649776255e-21
4.724000000000000000e+03 1.302566786136685982e-21
4.740000000000000000e+03 1.294195841449981003e-21
4.756000000000000000e+03 1.290624782060530272e-21
4.772000000000000000e+03 1.281150056278391304e-21
4.788000000000000000e+03 1.277614993970797284e-21
4.804000000000000000e+03 1.264736347471141974e-21
4.820000000000000000e+03 1.241652307592414494e-21
4.836000000000000000e+03 1.154516116921430943e-21
4.852000000000000000e+03 8.765970403212757860e-22
4.868000000000000000e+03 8.433347577642722515e-22
4.884000000000000000e+03 1.131357864119561749e-21
4.900000000000000000e+03 1.233672829766316812e-21
4.916000000000000000e+03 1.245087863916049272e-21
4.932000000000000000e+03 1.255451673687140522e-21
4.948000000000000000e+03 1.260085459088239352e-21
4.964000000000000000e+03 1.257766432451250519e-21
4.980000000000000000e+03 1.256608520076330680e-21
4.996000000000000000e+03 1.245087863916049272e-21
5.012000000000000000e+03 1.232537098203339313e-21
5.028000000000000000e+03 1.232537098203339313e-21
5.044000000000000000e+03 1.231402412206213503e-21
5.060000000000000000e+03 1.231402412206213503e-21
5.076000000000000000e+03 1.234809607858601856e-21
5.092000000000000000e+03 1.234809607858601856e-21
5.108000000000000000e+03 1.234809607858601856e-21
5.124000000000000000e+03 1.226874104638338054e-21
5.140000000000000000e+03 1.221237130165308918e-21
5.156000000000000000e+03 1.210040760856951256e-21
5.172000000000000000e+03 1.196740531307232106e-21
5.188000000000000000e+03 1.195638799988112557e-21
5.204000000000000000e+03 1.200051820204255876e-21
5.220000000000000000e+03 1.196740531307232106e-21
5.236000000000000000e+03 1.184677117581482420e-21
5.252000000000000000e+03 1.192339687885965269e-21
5.268000000000000000e+03 1.170577035963138893e-21
5.284000000000000000e+03 1.181408251920882776e-21
5.300000000000000000e+03 1.181408251920882776e-21
5.316000000000000000e+03 1.166272405081957010e-21
5.332000000000000000e+03 1.167347076492191996e-21
5.348000000000000000e+03 1.175980174065847142e-21
5.364000000000000000e+03 1.171655673911301322e-21
5.380000000000000000e+03 1.170577035963138893e-21
5.396000000000000000e+03 1.165198723024995067e-21
5.412000000000000000e+03 1.161983603869788625e-21
5.428000000000000000e+03 1.159845121190164524e-21
5.444000000000000000e+03 1.161983603869788625e-21
5.460000000000000000e+03 1.158777356155126164e-21
5.476000000000000000e+03 1.154516116921430943e-21
5.492000000000000000e+03 1.156644774165641281e-21
5.508000000000000000e+03 1.150270547790106647e-21
5.524000000000000000e+03 1.149211597203234932e-21
5.540000000000000000e+03 1.146040591136594892e-21
5.556000000000000000e+03 1.149211597203234932e-21
5.572000000000000000e+03 1.142878334789771264e-21
5.588000000000000000e+03 1.138675561950210789e-21
5.604000000000000000e+03 1.136579974750147801e-21
5.620000000000000000e+03 1.133443822971027782e-21
5.636000000000000000e+03 1.129275744209410097e-21
5.652000000000000000e+03 1.123052347541082962e-21
5.668000000000000000e+03 1.115835052288665765e-21
5.684000000000000000e+03 1.113781500134658781e-21
5.700000000000000000e+03 1.108664138979952735e-21
5.716000000000000000e+03 1.104587183988626598e-21
5.732000000000000000e+03 1.099512066879340573e-21
5.748000000000000000e+03 1.095468767333996510e-21
5.764000000000000000e+03 1.091440336448757164e-21
5.780000000000000000e+03 1.091440336448757164e-21
5.796000000000000000e+03 1.090435545543653391e-21
5.812000000000000000e+03 1.093452696730916070e-21
5.828000000000000000e+03 1.094460267815081839e-21
5.844000000000000000e+03 1.095468767333996510e-21
5.860000000000000000e+03 1.092446053226790677e-21
5.876000000000000000e+03 1.082430447609125484e-21
5.892000000000000000e+03 1.065614202158518147e-21
5.908000000000000000e+03 1.071519305237600521e-21
5.924000000000000000e+03 1.072506665615695405e-21
5.940000000000000000e+03 1.070532853833358378e-21
5.956000000000000000e+03 1.062673865402462175e-21
5.972000000000000000e+03 1.062673865402462175e-21
5.988000000000000000e+03 1.059741641883092986e-21
6.004000000000000000e+03 1.055844592430075978e-21
6.020000000000000000e+03 1.052931212843433476e-21
6.036000000000000000e+03 1.050993427186215392e-21
6.052000000000000000e+03 1.048093433362870023e-21
6.068000000000000000e+03 1.046164551022009086e-21
6.084000000000000000e+03 1.047128548050898470e-21
6.100000000000000000e+03 1.040399177051349586e-21
6.116000000000000000e+03 1.037528415818008315e-21
6.132000000000000000e+03 1.031810635267592829e-21
6.148000000000000000e+03 1.022350938503227974e-21
6.164000000000000000e+03 1.021409751989849020e-21
6.180000000000000000e+03 1.025179704825548327e-21
6.196000000000000000e+03 1.026124365193339310e-21
6.212000000000000000e+03 1.023292992280749464e-21
6.228000000000000000e+03 1.016716800466369650e-21
6.244000000000000000e+03 1.006468066438327037e-21
6.260000000000000000e+03 1.005541501856046723e-21
6.276000000000000000e+03 9.908319448927644494e-22
6.292000000000000000e+03 9.835580562269553838e-22
6.308000000000000000e+03 9.917449552314160317e-22
6.324000000000000000e+03 9.944890371547886857e-22
6.340000000000000000e+03 9.926588068710316292e-22
6.356000000000000000e+03 9.908319448927644494e-22
6.372000000000000000e+03 9.880979539411224046e-22
6.388000000000000000e+03 9.926588068710316292e-22
6.404000000000000000e+03 9.926588068710316292e-22
6.420000000000000000e+03 9.871883010683936377e-22
6.436000000000000000e+03 9.844643639803740324e-22
6.452000000000000000e+03 9.781377043229883900e-22
6.468000000000000000e+03 9.754387404403005743e-22
6.484000000000000000e+03 9.718517029401622122e-22
6.500000000000000000e+03 9.673864499689468398e-22
6.516000000000000000e+03 9.576349769692635432e-22
6.532000000000000000e+03 9.298223905853789565e-22
6.548000000000000000e+03 8.150795556116031427e-22
6.564000000000000000e+03 6.754605666334998495e-22
6.580000000000000000e+03 8.386871712481648996e-22
6.596000000000000000e+03 9.298223905853789565e-22
6.612000000000000000e+03 9.514807363517598930e-22
6.628000000000000000e+03 9.576349769692635432e-22
6.644000000000000000e+03 9.585173976856385575e-22
6.660000000000000000e+03 9.602846792093777056e-22
6.676000000000000000e+03 9.585173976856385575e-22
6.692000000000000000e+03 9.602846792093777056e-22
6.708000000000000000e+03 9.585173976856385575e-22
6.724000000000000000e+03 9.558725718846823534e-22
6.740000000000000000e+03 9.532350439205122470e-22
6.756000000000000000e+03 9.497296573624204454e-22
6.772000000000000000e+03 9.479818010107128290e-22
6.788000000000000000e+03 9.436262202767231453e-22
6.804000000000000000e+03 9.418895965228340343e-22
6.820000000000000000e+03 9.375620069258830942e-22
6.836000000000000000e+03 9.366988779521132359e-22
6.852000000000000000e+03 9.246981739382249285e-22
6.868000000000000000e+03 8.113346052282604010e-22
6.884000000000000000e+03 8.053784411990644260e-22
6.900000000000000000e+03 8.356030182312423216e-22
6.916000000000000000e+03 8.774047879567480107e-22
6.932000000000000000e+03 8.994975815300364033e-22
6.948000000000000000e+03 9.044821490475872835e-22
6.964000000000000000e+03 9.094943385552955551e-22
6.980000000000000000e+03 9.103323996799079227e-22
6.996000000000000000e+03 9.019864220737406604e-22
7.012000000000000000e+03 9.011560443397019086e-22
7.028000000000000000e+03 9.003264310597219956e-22
7.044000000000000000e+03 9.003264310597219956e-22
7.060000000000000000e+03 8.978421709097245042e-22
7.076000000000000000e+03 8.961898068616154864e-22
7.092000000000000000e+03 8.953647655495901089e-22
7.108000000000000000e+03 8.896107044092243464e-22
7.124000000000000000e+03 8.879734893257655648e-22
7.140000000000000000e+03 8.871560120379616775e-22
7.156000000000000000e+03 8.774047879567480107e-22
7.172000000000000000e+03 8.480080988896915934e-22
7.188000000000000000e+03 8.203515443298142968e-22
7.204000000000000000e+03 8.309980410444303216e-22
7.220000000000000000e+03 8.558546212208193245e-22
7.236000000000000000e+03 8.348337537236464542e-22
7.252000000000000000e+03 8.325302067492371398e-22
7.268000000000000000e+03 8.332973486343163493e-22
7.284000000000000000e+03 8.340651974086608727e-22
7.300000000000000000e+03 8.356030182312423216e-22
7.316000000000000000e+03 8.425583753398178748e-22
7.332000000000000000e+03 8.519223264285448212e-22
7.348000000000000000e+03 8.519223264285448212e-22
7.364000000000000000e+03 8.511380382023758789e-22
7.380000000000000000e+03 8.503544719998029964e-22
7.396000000000000000e+03 8.503544719998029964e-22
7.412000000000000000e+03 8.480080988896915934e-22
7.428000000000000000e+03 8.464474480976965223e-22
7.444000000000000000e+03 8.433347577642722515e-22
7.460000000000000000e+03 8.410077540692285747e-22
7.476000000000000000e+03 8.394599865193964764e-22
7.492000000000000000e+03 8.379150674384053192e-22
7.508000000000000000e+03 8.363729915840252922e-22
7.524000000000000000e+03 8.332973486343163493e-22
7.540000000000000000e+03 8.332973486343163493e-22
7.556000000000000000e+03 8.302330159249471364e-22
7.572000000000000000e+03 8.271799518641345468e-22
7.588000000000000000e+03 7.158136899114753431e-22
7.604000000000000000e+03 3.515604405282976435e-22
7.620000000000000000e+03 4.591980128368676255e-22
7.636000000000000000e+03 4.724980276801933615e-22
7.652000000000000000e+03 6.031148196178128041e-22
7.668000000000000000e+03 7.277798045368212618e-22
7.684000000000000000e+03 7.855973322609880288e-22
7.700000000000000000e+03 8.053784411990644260e-22
7.716000000000000000e+03 8.113346052282604010e-22
7.732000000000000000e+03 8.105876824647362221e-22
7.748000000000000000e+03 8.098414473257823941e-22
7.764000000000000000e+03 7.950601750844154645e-22
7.780000000000000000e+03 7.841515405281170437e-22
7.796000000000000000e+03 8.061205638638870595e-22
7.812000000000000000e+03 8.046370017397997402e-22
7.828000000000000000e+03 8.024167763085828520e-22
7.844000000000000000e+03 8.002026771193293986e-22
7.860000000000000000e+03 7.972600453665284755e-22
7.876000000000000000e+03 7.921364541528535130e-22
7.892000000000000000e+03 7.884969177453754866e-22
7.908000000000000000e+03 7.899507213358175736e-22
7.924000000000000000e+03 7.899507213358175736e-22
7.940000000000000000e+03 7.884969177453754866e-22
7.956000000000000000e+03 7.855973322609880288e-22
7.972000000000000000e+03 7.870457896950936675e-22
7.988000000000000000e+03 7.848741034887236241e-22
8.004000000000000000e+03 7.819878403894969739e-22
8.020000000000000000e+03 7.805486914662351191e-22
8.036000000000000000e+03 7.783949326267220523e-22
8.052000000000000000e+03 7.783949326267220523e-22
8.068000000000000000e+03 7.748185327756180083e-22
8.084000000000000000e+03 7.726805850956990031e-22
8.100000000000000000e+03 7.698391619294324088e-22
8.116000000000000000e+03 7.648917910070677282e-22
8.132000000000000000e+03 7.516228940182014336e-22
8.148000000000000000e+03 7.392647526562271481e-22
8.164000000000000000e+03 7.251034976171957469e-22
8.180000000000000000e+03 7.231027280500579707e-22
8.196000000000000000e+03 7.271098031596597724e-22
8.212000000000000000e+03 7.365462114702316832e-22
8.228000000000000000e+03 7.085981269167698975e-22
8.244000000000000000e+03 7.311390834834127369e-22
8.260000000000000000e+03 7.379042301290984562e-22
8.276000000000000000e+03 7.318127976744492912e-22
8.292000000000000000e+03 7.277798045368212618e-22
8.308000000000000000e+03 7.318127976744492912e-22
8.324000000000000000e+03 7.318127976744492912e-22
8.340000000000000000e+03 7.324871326650380982e-22
8.356000000000000000e+03 7.413102413009131288e-22
8.372000000000000000e+03 7.392647526562271481e-22
8.388000000000000000e+03 7.379042301290984562e-22
8.404000000000000000e+03 7.379042301290984562e-22
8.420000000000000000e+03 7.345138681571143151e-22
8.436000000000000000e+03 7.237690370745236181e-22
8.452000000000000000e+03 7.244359600749891226e-22
8.468000000000000000e+03 7.244359600749891226e-22
8.484000000000000000e+03 7.433613896551754434e-22
8.500000000000000000e+03 7.066429004252071677e-22
8.516000000000000000e+03 7.406277836681520514e-22
8.532000000000000000e+03 7.297935152144470791e-22
8.548000000000000000e+03 6.823386941416634309e-22
8.564000000000000000e+03 7.550922276654279878e-22
8.580000000000000000e+03 7.530087105475821781e-22
8.596000000000000000e+03 6.760829753919791173e-22
8.612000000000000000e+03 7.271098031596597724e-22
8.628000000000000000e+03 7.827084095906103343e-22
8.644000000000000000e+03 7.571815097147008549e-22
8.660000000000000000e+03 6.510284984348626722e-22
8.676000000000000000e+03 6.804559249946362427e-22
8.692000000000000000e+03 7.712585649892137468e-22
8.708000000000000000e+03 7.972600453665284755e-22
8.724000000000000000e+03 7.733925780489921817e-22
8.740000000000000000e+03 6.792036326171856528e-22
8.756000000000000000e+03 6.321206820052665744e-22
8.772000000000000000e+03 7.440463661919149897e-22
8.788000000000000000e+03 7.979946872679719843e-22
8.804000000000000000e+03 8.061205638638870595e-22
8.820000000000000000e+03 7.987300061113138006e-22
8.836000000000000000e+03 7.648917910070677282e-22
8.852000000000000000e+03 6.619116119411185508e-22
8.868000000000000000e+03 6.070158063410453776e-22
8.884000000000000000e+03 7.204436204152808765e-22
8.900000000000000000e+03 7.769623959921380024e-22
8.916000000000000000e+03 7.884969177453754866e-22
8.932000000000000000e+03 7.892234847899693532e-22
8.948000000000000000e+03 7.848741034887236241e-22
8.964000000000000000e+03 7.599762143610385525e-22
8.980000000000000000e+03 7.237690370745236181e-22
8.996000000000000000e+03 6.480372941922887477e-22
9.012000000000000000e+03 5.460092497542708413e-22
9.028000000000000000e+03 6.126324544438626853e-22
9.044000000000000000e+03 7.211074791828946497e-22
9.060000000000000000e+03 7.331620890272079049e-22
9.076000000000000000e+03 7.231027280500579707e-22
9.092000000000000000e+03 7.211074791828946497e-22
9.108000000000000000e+03 7.345138681571143151e-22
9.124000000000000000e+03 7.399459543127228338e-22
9.140000000000000000e+03 7.358681396510410479e-22
9.156000000000000000e+03 7.311390834834127369e-22
9.172000000000000000e+03 7.264404185924764997e-22
9.188000000000000000e+03 7.217719496686926460e-22
9.204000000000000000e+03 6.861198752817019507e-22
9.220000000000000000e+03 5.770321353329281128e-22
9.236000000000000000e+03 5.515691912608005685e-22
9.252000000000000000e+03 6.528298441586113999e-22
9.268000000000000000e+03 6.956647535283483799e-22
9.284000000000000000e+03 7.033961712162429330e-22
9.300000000000000000e+03 6.698846094165271941e-22
9.316000000000000000e+03 6.003437587325613614e-22
9.332000000000000000e+03 5.541151189716830691e-22
9.348000000000000000e+03 5.301515066784534525e-22
9.364000000000000000e+03 5.541151189716830691e-22
9.380000000000000000e+03 5.717418729175500504e-22
9.396000000000000000e+03 6.492321231432134984e-22
9.412000000000000000e+03 6.332861644521982570e-22
9.428000000000000000e+03 5.899293451041454654e-22
9.444000000000000000e+03 5.765009137698496615e-22
9.460000000000000000e+03 5.904729404069871712e-22
9.476000000000000000e+03 6.031148196178128041e-22
9.492000000000000000e+03 5.877599636805970785e-22
9.508000000000000000e+03 5.937450473021929454e-22
9.524000000000000000e+03 5.415019189534884297e-22
9.540000000000000000e+03 4.694615193825888400e-22
9.556000000000000000e+03 4.738053933388207048e-22
9.572000000000000000e+03 5.712155216230407638e-22
9.588000000000000000e+03 6.014506519775427702e-22
9.604000000000000000e+03 6.228737089440281944e-22
9.620000000000000000e+03 6.303764788294845881e-22
9.636000000000000000e+03 6.415049325106601414e-22
9.652000000000000000e+03 6.498303634842365459e-22
9.668000000000000000e+03 6.582638416409024414e-22
9.684000000000000000e+03 6.804559249946362427e-22
9.700000000000000000e+03 6.899220098440459896e-22
9.716000000000000000e+03 6.861198752817019507e-22
9.732000000000000000e+03 6.754605666334998495e-22
9.748000000000000000e+03 6.637430704019021797e-22
9.764000000000000000e+03 6.717381285473771980e-22
9.780000000000000000e+03 6.729766562843113422e-22
9.796000000000000000e+03 6.717381285473771980e-22
9.812000000000000000e+03 6.842266727659463709e-22
9.828000000000000000e+03 6.798294904549553345e-22
9.844000000000000000e+03 6.848571591258548502e-22
9.860000000000000000e+03 6.848571591258548502e-22
9.876000000000000000e+03 6.854882264526592072e-22
9.892000000000000000e+03 6.823386941416634309e-22
9.908000000000000000e+03 6.861198752817019507e-22
9.924000000000000000e+03 6.899220098440459896e-22
9.940000000000000000e+03 6.848571591258548502e-22
9.956000000000000000e+03 6.848571591258548502e-22
9.972000000000000000e+03 6.810829367676352371e-22
9.988000000000000000e+03 6.760829753919791173e-22
1.000400000000000000e+04 6.631320218835474498e-22
1.002000000000000000e+04 6.450598332848258270e-22
1.003600000000000000e+04 5.659785862426971559e-22
1.005200000000000000e+04 5.016490567732211679e-22
1.006800000000000000e+04 5.904729404069871712e-22
1.008400000000000000e+04 6.403243244689470288e-22
1.010000000000000000e+04 6.625215359025787975e-22
1.011600000000000000e+04 6.735967762229404621e-22
1.013200000000000000e+04 6.760829753919791173e-22
1.014800000000000000e+04 6.748387308707517806e-22
1.016400000000000000e+04 6.918309709189305703e-22
1.018000000000000000e+04 6.848571591258548502e-22
1.019600000000000000e+04 6.829674408079619103e-22
1.021200000000000000e+04 6.773295140086069759e-22
1.022800000000000000e+04 6.717381285473771980e-22
1.024400000000000000e+04 6.674212038584723783e-22
1.026000000000000000e+04 6.823386941416634309e-22
1.027600000000000000e+04 6.729766562843113422e-22
1.029200000000000000e+04 6.680362046792462826e-22
1.030800000000000000e+04 6.655795963672236757e-22
1.032400000000000000e+04 6.528298441586113999e-22
1.034000000000000000e+04 6.492321231432134984e-22
1.035600000000000000e+04 6.444659847416837764e-22
1.037200000000000000e+04 6.344537957757123864e-22
1.038800000000000000e+04 6.409143566447750548e-22
1.040400000000000000e+04 6.315387453743850312e-22
